Sample File,x
Classifier Model,3080
DMA Model,1
DMA Inner Radius(cm),0.0095
DMA Outer Radius(cm),0.02
DMA Characteristic Length(cm),0.31235
CPC Model,3787 Low Flow
Reference Gas Viscosity (Pa*s),1.83245e-005
Reference Mean Free Path (m),6.73e-008
Reference Gas Temperature (K),296.15
Reference Gas Pressure (kPa),101.3
Channels/Decade,64
Multiple Charge Correction,FALSE
Nanoparticle Aggregate Mobility Analysis,FALSE
Diffusion Correction,FALSE
Units,dw/dlogDp
Weight,Number
Sample #,1,2,3
Date,09/13/19,09/13/19,09/13/19
Start Time,16:34:31,16:39:31,16:44:31
Diameter Midpoint
1.02,,,
1.06,,,
1.09,,,
1.13,,,
1.18,,,
1.22,,,
1.26,,,
1.31,,,
1.36,,,
1.41,,,
1.46,,,
1.51,,,
1.57,,,
1.63,,,
1.68,,,
1.75,,,
1.81,,,
1.88,,,
1.95,,,
2.02,,,
2.09,,,
2.17,,,
2.25,,,
2.33,,,
2.41,,,
2.50,,,
2.59,,,
2.69,,,
2.79,,,
2.89,,,
3.00,,,
3.11,,,
3.22,,,
3.34,,,
3.46,,,
3.59,,,
3.72,,,
3.85,,,
4.00,,,
4.14,,,
4.29,,,
4.45,,,
4.61,,,
4.78,,,
4.96,,,
5.14,,,
5.33,,,
5.52,,,
5.73,,,
5.94,,,
6.15,,,
6.38,,,
6.61,,,
6.85,,,
7.10,,,
7.37,,,
7.64,,,
7.91,,,
8.20,,,
8.51,,,
8.82,,,
9.14,,,
9.47,,,
9.82,,,
 10.2,,,
 10.6,,,
 10.9,,,
 11.3,0,0,0
 11.8,0,0,0
 12.2,0,16.3883,0
 12.6,0,15.7707,0
 13.1,0,0,30.3959
 13.6,14.6141,14.6141,14.6141
 14.1,0,0,0
 14.6,0,27.0987,13.5493
 15.1,13.0629,13.0629,13.0629
 15.7,12.5911,12.5911,25.1822
 16.3,12.1346,24.2691,36.4037
 16.8,35.0808,23.3872,58.468
 17.5,0,22.5671,11.2835
 18.1,0,0,87.0963
 18.8,21.0348,22.5197,21.0348
 19.5,60.9582,39.2045,50.7985
 20.2,9.81397,49.0699,55.908
 20.9,28.4406,18.9604,49.0092
 21.7,18.3367,39.2514,85.0291
 22.5,26.6291,50.7624,52.0103
 23.3,17.187,42.9675,25.7805
 24.1,33.1475,33.1475,33.1475
 25.0,16.095,40.2374,32.1899
 25.9,54.7505,48.493,48.493
 26.9,66.2436,74.5572,79.9381
 27.9,16.8298,68.6564,68.2137
 28.9,57.2158,68.9949,64.3678
 30.0,48.4063,55.3215,96.7755
 31.1,45.0781,143.995,69.808
 32.2,81.1569,103.162,127.152
 33.4,69.5892,76.635,122.968
 34.6,114.314,87.4006,63.0738
 35.9,85.186,110.691,133.354
 37.2,65.8805,127.378,108.955
 38.5,78.6393,119.315,124.785
 40.0,107.366,104.035,157.258
 41.4,77.0246,116.478,127.799
 42.9,86.3178,119.931,166.93
 44.5,94.6572,140.774,168.522
 46.1,72.253,112.492,159.751
 47.8,105.563,124.311,143.236
 49.6,128.797,127.163,221.336
 51.4,129.443,167.4,228.809
 53.3,145.506,198.041,119.082
 55.2,145.056,194.32,179.749
 57.3,110.799,189.799,175.038
 59.4,118.195,124.792,148.128
 61.5,167.441,179.827,234.455
 63.8,200.976,157.756,260.075
 66.1,143.421,167.823,163.929
 68.5,135.891,167.224,233.231
 71.0,166.727,232.813,216.927
 73.7,160.206,272.123,160.803
 76.4,194.561,213.277,236.234
 79.1,179.655,163.446,183.653
 82.0,176.316,183.749,253.9
 85.1,178.768,164.391,250.822
 88.2,193.449,226.299,206.839
 91.4,267.439,202.284,254.328
 94.7,223.62,235.995,266.37
 98.2,208.695,242.453,251.65
101.8,176.107,210.135,225.3
105.5,241.765,203.751,239.341
109.4,219.543,247.012,245.129
113.4,235.076,176.813,208.944
117.6,204.282,195.525,302.492
121.9,228.324,231.803,262.592
126.3,235.441,259.89,231.831
131.0,313.637,235.709,270.959
135.8,182.282,223.867,302.755
140.7,186.62,207.1,195.925
145.9,216.09,238.802,246.629
151.2,230.247,247.964,237.988
156.8,191.868,228.5,220.464
162.5,183.524,248.258,225.054
168.5,188.297,239.061,205.87
174.7,178.562,196.41,204.011
181.1,218.344,175.35,169.944
187.7,182.641,172.555,223.365
194.6,151.284,250.252,177.321
201.7,148.899,160.715,202.803
209.1,135.234,201.688,208.027
216.7,139.255,161.167,154.737
224.7,143.416,197.892,173.197
232.9,117.964,138.868,181.046
241.4,94.3142,149.575,149.302
250.3,120.549,141.545,109.503
259.5,101.12,130.003,108.816
269.0,103.663,111.46,117.246
278.8,98.9203,158.303,148.275
289.0,87.7619,90.9872,110.161
299.6,128.744,90.5394,92.0046
310.6,70.71,94.0217,118.565
322.0,86.3296,87.675,75.9626
333.8,73.7466,96.1805,98.1071
346.0,78.8664,53.3835,78.8664
358.7,48.1019,30.0815,91.7917
371.8,37.8832,44.4907,65.6658
385.4,31.2318,62.4636,51.3033
399.5,26.3534,39.1473,73.024
414.2,42.9796,61.4576,102.857
429.4,44.7907,55.5127,50.269
445.1,67.6257,27.7546,71.1848
461.4,34.3237,39.6487,64.6767
478.3,26.4893,28.9102,49.6175
495.8,46.9056,25.6127,18.6695
514.0,17.9694,63.6813,58.1775
532.8,63.8155,60.7705,67.4738
552.3,27.7446,49.3354,61.6693
572.5,,,
593.5,,,
615.3,,,
637.8,,,
661.2,,,
685.4,,,
710.5,,,
736.5,,,
763.5,,,
791.5,,,
820.5,,,
850.5,,,
881.7,,,
914.0,,,
947.5,,,
982.2,,,
Scan Up Time(s),270,270,270
Retrace Time(s),20,20,20
Down Scan First,FALSE,FALSE,FALSE
Scans Per Sample,1,1,1
Impactor Type(cm),None,None,None
Sheath Flow(lpm),3,3,3
Aerosol Flow(lpm),0.6,0.6,0.6
CPC Inlet Flow(lpm),0.6,0.6,0.6
CPC Sample Flow(lpm),0.6,0.6,0.6
Low Voltage,10.439,10.439,10.439
High Voltage,9563.78,9563.78,9563.78
Lower Size(nm),11.1397,11.1397,11.1397
Upper Size(nm),562.341,562.341,562.341
Density(g/cc),1.2,1.2,1.2
Title,,,
Status Flag,Conditioner Temperature Error ,Conditioner Temperature Error ,Conditioner Temperature Error 
td(s),1,1,1
tf(s),5.06584,5.06584,5.06584
D50(nm),1000,1000,1000
Median(nm),110.647,106.494,103.083
Mean(nm),137.612,134.866,134.693
Geo. Mean(nm),106.938,102.26,100.182
Mode(nm),130.975,73.6525,135.773
Geo. Std. Dev.,2.07409,2.15651,2.20633
Total Concentration(#/cm³),175.472,202.517,223.76
Comment,,,
