Sample File,x
Classifier Model,3080
DMA Model,1
DMA Inner Radius(cm),0.0095
DMA Outer Radius(cm),0.02
DMA Characteristic Length(cm),0.31235
CPC Model,3787 Low Flow
Reference Gas Viscosity (Pa*s),1.83245e-005
Reference Mean Free Path (m),6.73e-008
Reference Gas Temperature (K),296.15
Reference Gas Pressure (kPa),101.3
Channels/Decade,64
Multiple Charge Correction,TRUE
Nanoparticle Aggregate Mobility Analysis,FALSE
Diffusion Correction,FALSE
Units,dw/dlogDp
Weight,Number
Sample #,1,2,3
Date,09/19/19,09/19/19,09/19/19
Start Time,15:40:23,15:45:24,15:50:23
Diameter Midpoint
1.02,,,
1.06,,,
1.09,,,
1.13,,,
1.18,,,
1.22,,,
1.26,,,
1.31,,,
1.36,,,
1.41,,,
1.46,,,
1.51,,,
1.57,,,
1.63,,,
1.68,,,
1.75,,,
1.81,,,
1.88,,,
1.95,,,
2.02,,,
2.09,,,
2.17,,,
2.25,,,
2.33,,,
2.41,,,
2.50,,,
2.59,,,
2.69,,,
2.79,,,
2.89,,,
3.00,,,
3.11,,,
3.22,,,
3.34,,,
3.46,,,
3.59,,,
3.72,,,
3.85,,,
4.00,,,
4.14,,,
4.29,,,
4.45,,,
4.61,,,
4.78,,,
4.96,,,
5.14,,,
5.33,,,
5.52,,,
5.73,,,
5.94,,,
6.15,,,
6.38,,,
6.61,,,
6.85,,,
7.10,,,
7.37,,,
7.64,,,
7.91,,,
8.20,,,
8.51,,,
8.82,,,
9.14,,,
9.47,,,
9.82,,,
 10.2,,,
 10.6,,,
 10.9,,,
 11.3,0,0,17.7431
 11.8,0,0,17.0562
 12.2,0,0,0
 12.6,0,0,0
 13.1,0,0,0
 13.6,0,0,0
 14.1,0,0,0
 14.6,0,27.0987,27.0987
 15.1,0,0,13.0629
 15.7,0,12.5911,0
 16.3,0,0,0
 16.8,0,11.6936,0
 17.5,0,22.5671,45.1341
 18.1,0,21.7741,43.5481
 18.8,10.5174,10.5174,10.5174
 19.5,30.4791,29.7925,60.9582
 20.2,6.83817,20.2912,26.4661
 20.9,11.8732,18.4135,50.0085
 21.7,8.62072,8.44026,26.4827
 22.5,16.7521,17.4073,33.5622
 23.3,41.9741,76.3636,55.3838
 24.1,24.3293,48.6179,77.5313
 25.0,15.1785,12.7569,23.5867
 25.9,62.7557,57.9784,53.5153
 26.9,35.6752,34.567,28.9848
 27.9,13.1312,27.8394,65.0196
 28.9,20.6717,48.5102,48.3188
 30.0,46.0056,52.2403,25.5171
 31.1,43.9163,58.682,83.9804
 32.2,71.073,23.6142,21.6645
 33.4,61.738,61.2077,108.263
 34.6,28.9838,61.6159,83.7786
 35.9,44.1536,27.2663,26.117
 37.2,62.0354,42.8133,53.6523
 38.5,30.7894,77.9475,58.2671
 40.0,58.5965,54.9822,35.0458
 41.4,19.7147,43.8329,55.5799
 42.9,65.302,92.6791,55.3504
 44.5,97.5513,52.936,105.931
 46.1,30.6787,69.9944,56.1253
 47.8,44.8487,43.6004,52.454
 49.6,53.4802,44.3396,74.2733
 51.4,72.3053,34.8957,66.8276
 53.3,57.304,73.7497,109.482
 55.2,47.351,91.9309,60.8005
 57.3,89.8409,59.2191,80.612
 59.4,77.147,91.6949,75.111
 61.5,69.8426,49.8048,51.6442
 63.8,86.3572,64.7419,47.5295
 66.1,59.3605,54.3277,60.3442
 68.5,59.7416,108.764,67.3271
 71.0,105.174,134.447,97.8241
 73.7,57.6395,68.8216,90.5644
 76.4,92.7124,131.769,104.467
 79.1,104.263,107.356,137.97
 82.0,74.7677,170.795,98.1652
 85.1,68.87,104.416,72.7787
 88.2,156.165,133.491,91.2925
 91.4,87.4315,120.13,107.256
 94.7,97.5632,114.982,119.931
 98.2,76.0652,115.109,134.776
101.8,104.373,110.02,158.385
105.5,141.731,113.09,86.2787
109.4,121.986,127.8,147.917
113.4,97.5932,150.298,47.6972
117.6,108.971,142.455,83.2069
121.9,172.343,136.456,171.357
126.3,105.936,95.0343,127.321
131.0,145.953,146.103,86.0426
135.8,129.087,157.201,106.062
140.7,162.91,87.479,84.2475
145.9,125.093,81.4847,131.285
151.2,222.185,162.675,56.7177
156.8,120.928,146.008,171.464
162.5,92.5599,87.0046,102.047
168.5,92.1819,101.957,62.3562
174.7,103.349,79.8563,117.948
181.1,148.723,135.616,129.345
187.7,76.3391,51.7524,95.7983
194.6,73.5691,89.0339,114.203
201.7,77.4146,98.7168,116.775
209.1,115.377,33.6157,117.359
216.7,63.538,126.823,122.328
224.7,112.08,68.2957,78.2558
232.9,62.3972,112.29,111.861
241.4,39.1636,61.7374,81.7959
250.3,77.6102,34.1347,59.2919
259.5,115.046,89.8443,76.9275
269.0,40.5164,24.4099,148.072
278.8,85.8336,80.8454,69.5738
289.0,17.2339,33.1624,54.1906
299.6,48.1926,41.0219,27.7275
310.6,59.2041,32.5583,15.7756
322.0,15.2706,55.7545,61.5905
333.8,48.5223,48.6604,85.5554
346.0,39.4332,34.504,59.0816
358.7,60.214,25.0892,50.1528
371.8,35.7687,45.9884,49.6005
385.4,40.1255,26.0265,61.7051
399.5,48.9722,52.7069,27.1214
414.2,21.4898,90.6159,64.4694
429.4,44.7907,45.5206,65.7394
445.1,65.6338,73.1766,61.0602
461.4,67.9692,43.2804,73.6333
478.3,48.3338,23.1282,100.372
495.8,38.9358,65.5751,45.8789
514.0,35.9388,88.7438,88.1265
532.8,75.9826,88.1237,73.5509
552.3,70.8999,21.5777,43.1685
572.5,,,
593.5,,,
615.3,,,
637.8,,,
661.2,,,
685.4,,,
710.5,,,
736.5,,,
763.5,,,
791.5,,,
820.5,,,
850.5,,,
881.7,,,
914.0,,,
947.5,,,
982.2,,,
Scan Up Time(s),270,270,270
Retrace Time(s),20,20,20
Down Scan First,FALSE,FALSE,FALSE
Scans Per Sample,1,1,1
Impactor Type(cm),None,None,None
Sheath Flow(lpm),3,3,3
Aerosol Flow(lpm),0.6,0.6,0.6
CPC Inlet Flow(lpm),0.6,0.6,0.6
CPC Sample Flow(lpm),0.6,0.6,0.6
Low Voltage,10.439,10.439,10.439
High Voltage,9563.78,9563.78,9563.78
Lower Size(nm),11.1397,11.1397,11.1397
Upper Size(nm),562.341,562.341,562.341
Density(g/cc),1.2,1.2,1.2
Title,,,
Status Flag,Conditioner Temperature Error ,Conditioner Temperature Error ,Conditioner Temperature Error 
td(s),1,1,1
tf(s),5.06584,5.06584,5.06584
D50(nm),1000,1000,1000
Median(nm),123.174,111.687,115.291
Mean(nm),157.464,150.53,156.729
Geo. Mean(nm),117.523,108.846,108.906
Mode(nm),151.247,82.047,156.788
Geo. Std. Dev.,2.19473,2.28918,2.45681
Total Concentration(#/cm³),103.363,109.573,116.642
Comment,,,
